DATA B00109ZEX.sac 0.000500 0.000000
1.057988e-01
1.142470e-01
8.056133e-02
9.589151e-03
5.195029e-02
1.279008e-01
9.245437e-02
4.380342e-02
6.097250e-02
6.268542e-02
4.203347e-02
2.912044e-02
8.217425e-03
3.246741e-03
-2.148494e-03
-1.190820e-02
-2.283656e-02
-2.814025e-02
-1.341126e-02
-2.167038e-03
2.213846e-03
4.703293e-03
4.469514e-03
1.992571e-02
5.162260e-02
6.921423e-02
6.571486e-02
8.429283e-02
1.141633e-01
1.082933e-01
9.587978e-02
1.098758e-01
1.150651e-01
9.187891e-02
7.007151e-02
7.063195e-02
6.765155e-02
3.886418e-02
1.480878e-02
5.098105e-03
-5.579963e-03
-2.487280e-02
-4.807704e-02
-6.098783e-02
-6.258484e-02
-6.068189e-02
-5.903040e-02
-5.018213e-02
-3.382049e-02
-1.518382e-02
3.711292e-03
2.420847e-02
4.589209e-02
6.488735e-02
8.314284e-02
9.616704e-02
1.002102e-01
1.018523e-01
1.061792e-01
1.046135e-01
8.802041e-02
6.836689e-02
5.546632e-02
4.191107e-02
2.147624e-02
-3.499961e-04
-1.556635e-02
-2.634742e-02
-3.682743e-02
-4.735246e-02
-5.573271e-02
-5.968223e-02
-6.182707e-02
-6.363858e-02
-6.146425e-02
-5.316358e-02
-4.352352e-02
-3.494947e-02
-2.357936e-02
-9.859107e-03
2.702916e-03
1.416333e-02
2.516496e-02
3.431398e-02
4.175600e-02
4.848235e-02
5.205156e-02
5.125760e-02
4.964611e-02
4.792044e-02
4.302584e-02
3.413789e-02
2.374311e-02
1.359843e-02
2.607565e-03
-9.071608e-03
-1.938530e-02
-2.764981e-02
-3.506122e-02
-4.295734e-02
-5.106598e-02
-5.762931e-02
-6.200316e-02
-6.501576e-02
-6.668785e-02
-6.585293e-02
-6.189135e-02
-5.591134e-02
-4.906353e-02
-4.137691e-02
-3.248984e-02
-2.310251e-02
-1.518444e-02
-9.371572e-03
-4.066506e-03
1.845731e-03
7.667247e-03
1.122588e-02
1.189396e-02
1.146037e-02
1.029021e-02
7.761540e-03
3.818690e-03
-1.085272e-03
-6.294488e-03
-1.213173e-02
-1.925048e-02
-2.707558e-02
-3.431026e-02
-4.112538e-02
-4.820681e-02
-5.451472e-02
-5.969206e-02
-6.482534e-02
-6.964425e-02
-7.278617e-02
-7.374921e-02
-7.317738e-02
-7.228304e-02
-7.098269e-02
-6.823250e-02
-6.470294e-02
-6.147098e-02
-5.872797e-02
-5.524989e-02
-5.035545e-02
-4.572115e-02
-4.200858e-02
-3.817658e-02
-3.362582e-02
-2.975222e-02
-2.788753e-02
-2.663456e-02
-2.499538e-02
-2.440249e-02
-2.556943e-02
-2.724308e-02
-2.937415e-02
-3.257710e-02
-3.639138e-02
-4.052956e-02
-4.461992e-02
-4.827098e-02
-5.189873e-02
-5.608952e-02
-5.994905e-02
-6.282220e-02
-6.516239e-02
-6.726812e-02
-6.888168e-02
-6.987081e-02
-7.056507e-02
-7.043054e-02
-6.939722e-02
-6.798740e-02
-6.626694e-02
-6.374809e-02
-6.017816e-02
-5.608406e-02
-5.169734e-02
-4.717902e-02
-4.291714e-02
-3.892326e-02
-3.522736e-02
-3.227139e-02
-3.033365e-02
-2.924326e-02
-2.865598e-02
-2.895075e-02
-3.036006e-02
-3.224282e-02
-3.454909e-02
-3.728946e-02
-4.033464e-02
-4.361819e-02
-4.736970e-02
-5.178221e-02
-5.599360e-02
-5.974970e-02
-6.320485e-02
-6.632432e-02
-6.901313e-02
-7.102015e-02
-7.262589e-02
-7.355990e-02
-7.313894e-02
-7.165311e-02
-6.963557e-02
-6.679822e-02
-6.298513e-02
-5.865919e-02
-5.388414e-02
-4.914179e-02
-4.462521e-02
-3.975936e-02
-3.543143e-02
-3.221654e-02
-2.929669e-02
-2.665907e-02
-2.490959e-02
-2.399521e-02
-2.348865e-02
-2.336423e-02
-2.417421e-02
-2.618610e-02
-2.839007e-02
-3.038003e-02
-3.295625e-02
-3.604392e-02
-3.894502e-02
-4.159493e-02
-4.417807e-02
-4.635168e-02
-4.784737e-02
-4.904399e-02
-5.001091e-02
-5.004221e-02
-4.951819e-02
-4.879957e-02
-4.744489e-02
-4.548218e-02
-4.245221e-02
-3.897171e-02
-3.542394e-02
-3.151907e-02
-2.754739e-02
-2.329646e-02
-1.906291e-02
-1.505946e-02
-1.142174e-02
-7.905795e-03
-4.049832e-03
-8.253161e-04
1.045724e-03
2.476642e-03
3.761492e-03
4.490638e-03
4.565739e-03
3.710639e-03
2.292089e-03
7.765690e-04
-5.361446e-04
-1.959858e-03
-3.947645e-03
-6.168970e-03
-8.408871e-03
-1.047430e-02
-1.262509e-02
-1.444743e-02
-1.531816e-02
-1.609387e-02
-1.685490e-02
-1.681728e-02
-1.595872e-02
-1.475453e-02
-1.301884e-02
-1.070527e-02
-7.811713e-03
-4.106682e-03
-2.890274e-04
3.788211e-03
8.218246e-03
1.272499e-02
1.740833e-02
2.169801e-02
2.538411e-02
2.873162e-02
3.185468e-02
3.461173e-02
3.628488e-02
3.739685e-02
3.862229e-02
3.863779e-02
3.780200e-02
3.726993e-02
3.610059e-02
3.434103e-02
3.230583e-02
2.935026e-02
2.616211e-02
2.342519e-02
2.086818e-02
1.833727e-02
1.626251e-02
1.488724e-02
1.385665e-02
1.343351e-02
1.351050e-02
1.439135e-02
1.676457e-02
1.933265e-02
2.174344e-02
2.514892e-02
2.916936e-02
3.331652e-02
3.756744e-02
4.158822e-02
4.549116e-02
4.909454e-02
5.222392e-02
5.511479e-02
5.752077e-02
5.942360e-02
6.084222e-02
6.147208e-02
6.144283e-02
6.092816e-02
5.998562e-02
5.869519e-02
5.689393e-02
5.468942e-02
5.212538e-02
4.969411e-02
4.732025e-02
4.444421e-02
4.221130e-02
4.040101e-02
3.828259e-02
3.679285e-02
3.611596e-02
3.570701e-02
3.576306e-02
3.643705e-02
3.741584e-02
3.870616e-02
4.058526e-02
4.300012e-02
4.566393e-02
4.835286e-02
5.110319e-02
5.382517e-02
5.650232e-02
5.953706e-02
6.228836e-02
6.432061e-02
6.581468e-02
6.686137e-02
6.781103e-02
6.841072e-02
6.800096e-02
6.689925e-02
6.578916e-02
6.390262e-02
6.146271e-02
5.928372e-02
5.631402e-02
5.259918e-02
4.886389e-02
4.553920e-02
4.263007e-02
3.921283e-02
3.591353e-02
3.303815e-02
3.022715e-02
2.808675e-02
2.641957e-02
2.568784e-02
2.557079e-02
2.539553e-02
2.639786e-02
2.788703e-02
2.948020e-02
3.186933e-02
3.438442e-02
3.708045e-02
4.018139e-02
4.285461e-02
4.506513e-02
4.780238e-02
5.000104e-02
5.100320e-02
5.175753e-02
5.228722e-02
5.213197e-02
5.093884e-02
4.903699e-02
4.610997e-02
4.258310e-02
3.917766e-02
3.478357e-02
2.991018e-02
2.561159e-02
2.118921e-02
1.617251e-02
1.121847e-02
7.044293e-03
3.934695e-03
1.269368e-03
-1.047557e-03
-2.490215e-03
-3.395446e-03
-3.309391e-03
-2.373943e-03
-8.394880e-04
1.304223e-03
3.803632e-03
6.875909e-03
1.053132e-02
1.415676e-02
1.728895e-02
2.035890e-02
2.323845e-02
2.584920e-02
2.845259e-02
3.040347e-02
3.098462e-02
3.056837e-02
2.989038e-02
2.883414e-02
2.715597e-02
2.459462e-02
2.124461e-02
1.796784e-02
1.453754e-02
1.034402e-02
5.291774e-03
1.001529e-03
-2.249727e-03
-6.073656e-03
-9.869201e-03
-1.319165e-02
-1.544403e-02
-1.672728e-02
-1.795807e-02
-1.864047e-02
-1.876422e-02
-1.810697e-02
-1.690640e-02
-1.563106e-02
-1.331240e-02
-1.042841e-02
-7.832918e-03
-5.449989e-03
-3.072467e-03
-4.397309e-04
1.729623e-03
3.406073e-03
5.228271e-03
6.139951e-03
5.804185e-03
5.532322e-03
5.391769e-03
4.613255e-03
2.974250e-03
1.015010e-03
-1.141510e-03
-3.161354e-03
-5.517927e-03
-8.187413e-03
-1.041109e-02
-1.292579e-02
-1.490638e-02
-1.663515e-02
-1.888687e-02
-2.074061e-02
-2.218001e-02
-2.327700e-02
-2.406369e-02
-2.486428e-02
-2.560035e-02
-2.586884e-02
-2.555326e-02
-2.471298e-02
-2.331548e-02
-2.181779e-02
-2.104251e-02
-1.963441e-02
-1.670424e-02
-1.406444e-02
-1.196910e-02
-9.593819e-03
-6.758424e-03
-3.966369e-03
-2.393514e-03
-1.426731e-03
2.662188e-04
1.459257e-03
1.319550e-03
7.152006e-04
1.053497e-04
-9.820451e-04
-3.414399e-03
-6.143013e-03
-8.528142e-03
-1.127738e-02
-1.455949e-02
-1.840409e-02
-2.214305e-02
-2.522515e-02
-2.772097e-02
-3.026893e-02
-3.311442e-02
-3.501849e-02
-3.603790e-02
-3.748666e-02
-3.800323e-02
-3.738206e-02
-3.721526e-02
-3.632692e-02
-3.431322e-02
-3.243731e-02
-3.086008e-02
-2.914209e-02
-2.686757e-02
-2.459542e-02
-2.313416e-02
-2.158209e-02
-1.977449e-02
-1.866015e-02
-1.832754e-02
-1.857514e-02
-1.937342e-02
-2.054999e-02
-2.220879e-02
-2.451435e-02
-2.694833e-02
-2.952643e-02
-3.257566e-02
-3.569023e-02
-3.869217e-02
-4.222518e-02
-4.566267e-02
-4.812176e-02
-5.081435e-02
-5.355117e-02
-5.550029e-02
-5.740170e-02
-5.925152e-02
-6.090393e-02
-6.206087e-02
-6.292114e-02
-6.409480e-02
-6.458725e-02
-6.450392e-02
-6.427593e-02
-6.279416e-02
-6.118641e-02
-5.977070e-02
-5.724518e-02
-5.481380e-02
-5.270042e-02
-4.941050e-02
-4.571987e-02
-4.292751e-02
-3.991417e-02
-3.712308e-02
-3.543264e-02
-3.353874e-02
-3.205006e-02
-3.216879e-02
-3.308624e-02
-3.479846e-02
-3.715190e-02
-3.940551e-02
-4.315134e-02
-4.817899e-02
-5.245373e-02
-5.686413e-02
-6.180334e-02
-6.646331e-02
-7.077126e-02
-7.500388e-02
-7.851689e-02
-8.044627e-02
-8.152606e-02
-8.130121e-02
-8.015064e-02
-7.935810e-02
-7.689591e-02
-7.245626e-02
-6.811292e-02
-6.243309e-02
-5.566197e-02
-4.998798e-02
-4.421470e-02
-3.759480e-02
-3.128844e-02
-2.588057e-02
-2.108966e-02
-1.675624e-02
-1.293680e-02
-1.006707e-02
-8.577836e-03
-8.225053e-03
-9.137349e-03
-1.070018e-02
-1.261580e-02
-1.585057e-02
-1.991356e-02
-2.417864e-02
-2.871624e-02
-3.312152e-02
-3.737900e-02
-4.160104e-02
-4.487253e-02
-4.770172e-02
-5.041987e-02
-5.159871e-02
-5.115449e-02
-5.025618e-02
-4.920868e-02
-4.623710e-02
-4.123639e-02
-3.558135e-02
-2.990785e-02
-2.420052e-02
-1.730220e-02
-9.931620e-03
-2.599862e-03
4.830538e-03
1.213487e-02
1.941960e-02
2.548992e-02
3.021318e-02
3.437778e-02
3.804312e-02
4.045545e-02
4.128429e-02
4.125474e-02
3.988324e-02
3.686986e-02
3.381143e-02
3.043038e-02
2.587516e-02
2.072922e-02
1.524619e-02
1.009592e-02
5.053026e-03
7.391618e-05
-4.248474e-03
-7.496482e-03
-9.784195e-03
-1.149684e-02
-1.206903e-02
-1.030979e-02
-6.990640e-03
-3.665715e-03
6.599884e-04
5.867346e-03
1.190160e-02
1.977595e-02
2.811582e-02
3.512141e-02
4.171374e-02
4.971133e-02
5.771674e-02
6.405397e-02
6.876379e-02
7.261348e-02
7.564777e-02
7.694432e-02
7.734153e-02
7.685591e-02
7.483018e-02
7.099945e-02
6.616577e-02
6.165527e-02
5.563778e-02
4.761549e-02
4.064063e-02
3.419270e-02
2.716798e-02
2.058276e-02
1.506607e-02
1.086185e-02
6.664930e-03
3.806599e-03
3.420247e-03
4.752062e-03
6.815800e-03
9.051012e-03
1.325369e-02
1.922274e-02
2.530399e-02
3.250524e-02
4.095443e-02
4.857884e-02
5.567079e-02
6.277560e-02
7.026371e-02
7.689117e-02
8.018368e-02
8.271334e-02
8.581117e-02
8.765644e-02
8.691708e-02
8.369979e-02
7.984228e-02
7.454202e-02
6.820343e-02
6.146588e-02
5.325825e-02
4.400044e-02
3.481479e-02
2.603449e-02
1.683765e-02
8.676804e-03
2.091274e-03
-5.089817e-03
-1.078582e-02
-1.354826e-02
-1.593761e-02
-1.701592e-02
-1.661605e-02
-1.484644e-02
-1.017071e-02
-3.488391e-03
3.161195e-03
9.992993e-03
1.832144e-02
2.737807e-02
3.602726e-02
4.496761e-02
5.426272e-02
6.125185e-02
6.659172e-02
7.188544e-02
7.468962e-02
7.559231e-02
7.561859e-02
7.359606e-02
7.003079e-02
6.415305e-02
5.685602e-02
4.809183e-02
3.713758e-02
2.657511e-02
1.486592e-02
1.960522e-03
-1.007336e-02
-2.132067e-02
-3.171998e-02
-4.032149e-02
-4.702155e-02
-5.328444e-02
-5.770870e-02
-6.013731e-02
-6.064071e-02
-5.850667e-02
-5.390345e-02
-4.769822e-02
-4.064906e-02
-3.151817e-02
-2.102706e-02
-1.080098e-02
-4.443343e-04
1.017037e-02
2.058957e-02
2.926368e-02
3.618475e-02
4.278910e-02
4.816873e-02
5.111251e-02
5.074373e-02
4.770282e-02
4.297215e-02
3.679619e-02
2.824341e-02
1.718783e-02
4.910108e-03
-9.706764e-03
-2.503191e-02
-3.848336e-02
-5.206932e-02
-6.700421e-02
-8.073591e-02
-9.198609e-02
-1.031648e-01
-1.127873e-01
-1.186818e-01
-1.218396e-01
-1.230814e-01
-1.218227e-01
-1.173681e-01
-1.129494e-01
-1.052847e-01
-9.392844e-02
-8.417307e-02
-7.199319e-02
-5.851100e-02
-4.587003e-02
-3.381776e-02
-2.401112e-02
-1.348863e-02
-3.135485e-03
3.312722e-03
5.366785e-03
6.423069e-03
6.340024e-03
1.044665e-03
-6.357763e-03
-1.503243e-02
-2.802002e-02
-4.279942e-02
-5.823665e-02
-7.514638e-02
-9.189530e-02
-1.090449e-01
-1.262576e-01
-1.419630e-01
-1.569203e-01
-1.687361e-01
-1.779572e-01
-1.864324e-01
-1.919875e-01
-1.929767e-01
-1.892147e-01
-1.847247e-01
-1.786372e-01
-1.679901e-01
-1.550929e-01
-1.406733e-01
-1.253427e-01
-1.091910e-01
-9.151495e-02
-7.409570e-02
-5.964090e-02
-4.793426e-02
-3.707832e-02
-2.777138e-02
-2.114655e-02
-1.897691e-02
-2.158985e-02
-2.565669e-02
-3.349756e-02
-4.761111e-02
-6.259082e-02
-7.731489e-02
-9.599613e-02
-1.181922e-01
-1.401596e-01
-1.604225e-01
-1.808015e-01
-2.006283e-01
-2.175978e-01
-2.300739e-01
-2.393111e-01
-2.482947e-01
-2.533939e-01
-2.520958e-01
-2.464678e-01
-2.371926e-01
-2.237286e-01
-2.073662e-01
-1.891427e-01
-1.673184e-01
-1.421223e-01
-1.167974e-01
-9.337255e-02
-7.022413e-02
-4.760837e-02
-2.841501e-02
-1.191124e-02
1.212394e-03
8.880376e-03
1.217973e-02
1.084342e-02
2.854296e-03
-9.547628e-03
-2.470525e-02
-4.381996e-02
-6.651636e-02
-9.309791e-02
-1.224497e-01
-1.514658e-01
-1.800748e-01
-2.093519e-01
-2.347114e-01
-2.555455e-01
-2.739462e-01
-2.870388e-01
-2.936623e-01
-2.945267e-01
-2.901962e-01
-2.797154e-01
-2.621439e-01
-2.376514e-01
-2.084163e-01
-1.763546e-01
-1.400788e-01
-1.004957e-01
-6.056557e-02
-2.228029e-02
1.422176e-02
4.949657e-02
8.164687e-02
1.063567e-01
1.240847e-01
1.367455e-01
1.418360e-01
1.375211e-01
1.226761e-01
1.030505e-01
7.916963e-02
4.493361e-02
2.870712e-03
-4.082260e-02
-8.433750e-02
-1.301316e-01
-1.760204e-01
-2.185283e-01
-2.567700e-01
-2.880063e-01
-3.106623e-01
-3.243094e-01
-3.293594e-01
-3.246772e-01
-3.073914e-01
-2.787683e-01
-2.382316e-01
-1.867410e-01
-1.274625e-01
-6.009948e-02
1.529785e-02
9.638816e-02
1.814633e-01
2.686122e-01
3.555831e-01
4.415591e-01
5.204116e-01
5.889386e-01
6.459867e-01
6.876618e-01
7.139181e-01
7.224315e-01
7.088123e-01
6.749988e-01
6.204782e-01
5.460314e-01
4.580369e-01
3.542200e-01
2.381320e-01
1.171506e-01
-7.385054e-03
-1.267831e-01
-2.361959e-01
-3.341388e-01
-4.110607e-01
-4.632764e-01
-4.910738e-01
-4.902043e-01
-4.576458e-01
-3.948279e-01
-3.073641e-01
-1.974399e-01
-6.832796e-02
7.312319e-02
2.202516e-01
3.630200e-01
4.934627e-01
6.051241e-01
6.907237e-01
7.446840e-01
7.609401e-01
7.393720e-01
6.827205e-01
5.906923e-01
4.686600e-01
3.246830e-01
1.672394e-01
6.834168e-03
-1.443134e-01
-2.776136e-01
-3.875652e-01
-4.605994e-01
-4.921305e-01
-4.851002e-01
-4.369963e-01
-3.530539e-01
-2.404602e-01
-1.007555e-01
5.777664e-02
2.185877e-01
3.728378e-01
5.151957e-01
6.360618e-01
7.336781e-01
8.054634e-01
8.422095e-01
8.462960e-01
8.212743e-01
7.700615e-01
6.982379e-01
6.100608e-01
5.123317e-01
4.112656e-01
3.128511e-01
2.247679e-01
1.544225e-01
1.056880e-01
7.606691e-02
6.970512e-02
9.134133e-02
1.409744e-01
2.138894e-01
3.086472e-01
4.198866e-01
5.456564e-01
6.752739e-01
8.103227e-01
9.396609e-01
1.063253e+00
1.158981e+00
1.255044e+00
